transaction_id,account_id,booking_date,amount_cents,currency,counterparty,description,category
cust_dirk57_tx00001,acc_dirk57_current,2025-10-01,-1665,EUR,HEMA,Betaling Bancontact,shopping_household
cust_dirk57_tx00002,acc_dirk57_current,2025-10-02,55000,EUR,E. Vermeulen,Bijdrage huishouden,income_transfer_household
cust_dirk57_tx00003,acc_dirk57_current,2025-10-02,-6369,EUR,TotalEnergies,Brandstof,transport_fuel
cust_dirk57_tx00004,acc_dirk57_current,2025-10-03,-5847,EUR,Coolblue,Online aankoop,shopping_online
cust_dirk57_tx00005,acc_dirk57_current,2025-10-04,-4500,EUR,Sportclub,Lidgeld kind 1,kids_activities
cust_dirk57_tx00006,acc_dirk57_current,2025-10-04,-4500,EUR,Sportclub,Lidgeld kind 2,kids_activities
cust_dirk57_tx00007,acc_dirk57_current,2025-10-04,-15309,EUR,Colruyt,Betaling Bancontact,groceries
cust_dirk57_tx00008,acc_dirk57_current,2025-10-05,-2443,EUR,Frituur 't Pleintje,Betaling Bancontact,eating_out
cust_dirk57_tx00009,acc_dirk57_current,2025-10-05,-129500,EUR,Synthetic Bank,Aflossing woonkrediet,housing_mortgage
cust_dirk57_tx00010,acc_dirk57_current,2025-10-06,-1399,EUR,Netflix,Netflix abonnement,subscription_streaming
cust_dirk57_tx00011,acc_dirk57_current,2025-10-08,-1277,EUR,Action,Betaling Bancontact,shopping_household
cust_dirk57_tx00012,acc_dirk57_current,2025-10-08,-9210,EUR,Synthetic Verzekeringen,Familiale + auto verzekering,insurance
cust_dirk57_tx00013,acc_dirk57_current,2025-10-10,41237,EUR,FONS,Groeipakket 10/2025 kind 1+2,income_child_benefit
cust_dirk57_tx00014,acc_dirk57_current,2025-10-10,-5638,EUR,Bol.com,Online aankoop,shopping_online
cust_dirk57_tx00015,acc_dirk57_current,2025-10-11,-14429,EUR,Delhaize,Betaling Bancontact,groceries
cust_dirk57_tx00016,acc_dirk57_current,2025-10-12,-16800,EUR,Engie,Voorschot energie,utilities_energy
cust_dirk57_tx00017,acc_dirk57_current,2025-10-14,-7450,EUR,IBO De Knikker,Naschoolse opvang kind 1 10/2025,childcare
cust_dirk57_tx00018,acc_dirk57_current,2025-10-15,-3003,EUR,Kruidvat,Betaling Bancontact,shopping_household
cust_dirk57_tx00019,acc_dirk57_current,2025-10-15,-7499,EUR,Proximus,Internet + mobiel,utilities_telecom
cust_dirk57_tx00020,acc_dirk57_current,2025-10-16,-5366,EUR,Q8,Brandstof,transport_fuel
cust_dirk57_tx00021,acc_dirk57_current,2025-10-17,-3267,EUR,Bol.com,Online aankoop,shopping_online
cust_dirk57_tx00022,acc_dirk57_current,2025-10-18,-9180,EUR,H&M,Betaling Bancontact,shopping_clothing
cust_dirk57_tx00023,acc_dirk57_current,2025-10-18,-14351,EUR,Delhaize,Betaling Bancontact,groceries
cust_dirk57_tx00024,acc_dirk57_current,2025-10-22,-3345,EUR,Action,Betaling Bancontact,shopping_household
cust_dirk57_tx00025,acc_dirk57_current,2025-10-25,-14117,EUR,Delhaize,Betaling Bancontact,groceries
cust_dirk57_tx00026,acc_dirk57_current,2025-10-28,344500,EUR,Flanders Care vzw,Loon 2025-10,income_salary
cust_dirk57_tx00027,acc_dirk57_current,2025-10-28,-150000,EUR,Dirk Michiels,Naar spaarrekening,transfer_internal
cust_dirk57_tx00028,acc_dirk57_savings,2025-10-28,150000,EUR,Dirk Michiels,Van zichtrekening,transfer_internal
cust_dirk57_tx00029,acc_dirk57_current,2025-10-29,-3865,EUR,HEMA,Betaling Bancontact,shopping_household
cust_dirk57_tx00030,acc_dirk57_current,2025-10-31,-7876,EUR,Coolblue,Online aankoop,shopping_online
cust_dirk57_tx00031,acc_dirk57_current,2025-11-01,-16926,EUR,Delhaize,Betaling Bancontact,groceries
cust_dirk57_tx00032,acc_dirk57_current,2025-11-02,55000,EUR,E. Vermeulen,Bijdrage huishouden,income_transfer_household
cust_dirk57_tx00033,acc_dirk57_current,2025-11-02,-2277,EUR,Frituur 't Pleintje,Betaling Bancontact,eating_out
cust_dirk57_tx00034,acc_dirk57_current,2025-11-04,-4500,EUR,Sportclub,Lidgeld kind 1,kids_activities
cust_dirk57_tx00035,acc_dirk57_current,2025-11-04,-7500,EUR,Sportclub,Lidgeld kind 2,kids_activities
cust_dirk57_tx00036,acc_dirk57_current,2025-11-05,-2509,EUR,Action,Betaling Bancontact,shopping_household
cust_dirk57_tx00037,acc_dirk57_current,2025-11-05,-129500,EUR,Synthetic Bank,Aflossing woonkrediet,housing_mortgage
cust_dirk57_tx00038,acc_dirk57_current,2025-11-06,-1399,EUR,Netflix,Netflix abonnement,subscription_streaming
cust_dirk57_tx00039,acc_dirk57_current,2025-11-08,-9210,EUR,Synthetic Verzekeringen,Familiale + auto verzekering,insurance
cust_dirk57_tx00040,acc_dirk57_current,2025-11-08,-14400,EUR,Colruyt,Betaling Bancontact,groceries
cust_dirk57_tx00041,acc_dirk57_current,2025-11-10,41237,EUR,FONS,Groeipakket 11/2025 kind 1+2,income_child_benefit
cust_dirk57_tx00042,acc_dirk57_current,2025-11-12,-4007,EUR,Action,Betaling Bancontact,shopping_household
cust_dirk57_tx00043,acc_dirk57_current,2025-11-12,-15500,EUR,Engie,Voorschot energie,utilities_energy
cust_dirk57_tx00044,acc_dirk57_current,2025-11-14,-3025,EUR,Coolblue,Online aankoop,shopping_online
cust_dirk57_tx00045,acc_dirk57_current,2025-11-14,-7450,EUR,IBO De Knikker,Naschoolse opvang kind 1 11/2025,childcare
cust_dirk57_tx00046,acc_dirk57_current,2025-11-15,-7499,EUR,Proximus,Internet + mobiel,utilities_telecom
cust_dirk57_tx00047,acc_dirk57_current,2025-11-15,-13610,EUR,Aldi,Betaling Bancontact,groceries
cust_dirk57_tx00048,acc_dirk57_current,2025-11-18,-6582,EUR,Zeeman,Betaling Bancontact,shopping_clothing
cust_dirk57_tx00049,acc_dirk57_current,2025-11-19,-1783,EUR,Kruidvat,Betaling Bancontact,shopping_household
cust_dirk57_tx00050,acc_dirk57_current,2025-11-21,-5738,EUR,Bol.com,Online aankoop,shopping_online
cust_dirk57_tx00051,acc_dirk57_current,2025-11-22,-17167,EUR,Aldi,Betaling Bancontact,groceries
cust_dirk57_tx00052,acc_dirk57_current,2025-11-26,-3568,EUR,Action,Betaling Bancontact,shopping_household
cust_dirk57_tx00053,acc_dirk57_current,2025-11-27,-6090,EUR,TotalEnergies,Brandstof,transport_fuel
cust_dirk57_tx00054,acc_dirk57_current,2025-11-28,344500,EUR,Flanders Care vzw,Loon 2025-11,income_salary
cust_dirk57_tx00055,acc_dirk57_current,2025-11-28,-150000,EUR,Dirk Michiels,Naar spaarrekening,transfer_internal
cust_dirk57_tx00056,acc_dirk57_savings,2025-11-28,150000,EUR,Dirk Michiels,Van zichtrekening,transfer_internal
cust_dirk57_tx00057,acc_dirk57_current,2025-11-29,-14432,EUR,Delhaize,Betaling Bancontact,groceries
cust_dirk57_tx00058,acc_dirk57_current,2025-12-02,55000,EUR,E. Vermeulen,Bijdrage huishouden,income_transfer_household
cust_dirk57_tx00059,acc_dirk57_current,2025-12-03,-3047,EUR,HEMA,Betaling Bancontact,shopping_household
cust_dirk57_tx00060,acc_dirk57_current,2025-12-04,-4500,EUR,Sportclub,Lidgeld kind 1,kids_activities
cust_dirk57_tx00061,acc_dirk57_current,2025-12-04,-5444,EUR,TotalEnergies,Brandstof,transport_fuel
cust_dirk57_tx00062,acc_dirk57_current,2025-12-04,-7500,EUR,Sportclub,Lidgeld kind 2,kids_activities
cust_dirk57_tx00063,acc_dirk57_current,2025-12-05,-2686,EUR,Coolblue,Online aankoop,shopping_online
cust_dirk57_tx00064,acc_dirk57_current,2025-12-05,-129500,EUR,Synthetic Bank,Aflossing woonkrediet,housing_mortgage
cust_dirk57_tx00065,acc_dirk57_current,2025-12-06,-1399,EUR,Netflix,Netflix abonnement,subscription_streaming
cust_dirk57_tx00066,acc_dirk57_current,2025-12-06,-16150,EUR,Delhaize,Betaling Bancontact,groceries
cust_dirk57_tx00067,acc_dirk57_current,2025-12-08,-9210,EUR,Synthetic Verzekeringen,Familiale + auto verzekering,insurance
cust_dirk57_tx00068,acc_dirk57_current,2025-12-10,41237,EUR,FONS,Groeipakket 12/2025 kind 1+2,income_child_benefit
cust_dirk57_tx00069,acc_dirk57_current,2025-12-10,-1403,EUR,HEMA,Betaling Bancontact,shopping_household
cust_dirk57_tx00070,acc_dirk57_current,2025-12-11,-6241,EUR,TotalEnergies,Brandstof,transport_fuel
cust_dirk57_tx00071,acc_dirk57_current,2025-12-12,-6432,EUR,Zalando,Online aankoop,shopping_online
cust_dirk57_tx00072,acc_dirk57_current,2025-12-12,-15500,EUR,Engie,Voorschot energie,utilities_energy
cust_dirk57_tx00073,acc_dirk57_current,2025-12-13,-14085,EUR,Aldi,Betaling Bancontact,groceries
cust_dirk57_tx00074,acc_dirk57_current,2025-12-14,-4520,EUR,Frituur 't Pleintje,Betaling Bancontact,eating_out
cust_dirk57_tx00075,acc_dirk57_current,2025-12-14,-7450,EUR,IBO De Knikker,Naschoolse opvang kind 1 12/2025,childcare
cust_dirk57_tx00076,acc_dirk57_current,2025-12-15,-7499,EUR,Proximus,Internet + mobiel,utilities_telecom
cust_dirk57_tx00077,acc_dirk57_current,2025-12-17,-3957,EUR,HEMA,Betaling Bancontact,shopping_household
cust_dirk57_tx00078,acc_dirk57_current,2025-12-18,-13918,EUR,Zeeman,Betaling Bancontact,shopping_clothing
cust_dirk57_tx00079,acc_dirk57_current,2025-12-20,-6120,EUR,De Watergroep,Water voorschot,utilities_water
cust_dirk57_tx00080,acc_dirk57_current,2025-12-20,-17460,EUR,Delhaize,Betaling Bancontact,groceries
cust_dirk57_tx00081,acc_dirk57_current,2025-12-24,-1886,EUR,Action,Betaling Bancontact,shopping_household
cust_dirk57_tx00082,acc_dirk57_current,2025-12-25,-4744,EUR,TotalEnergies,Brandstof,transport_fuel
cust_dirk57_tx00083,acc_dirk57_current,2025-12-27,-12765,EUR,Colruyt,Betaling Bancontact,groceries
cust_dirk57_tx00084,acc_dirk57_current,2025-12-28,344500,EUR,Flanders Care vzw,Loon 2025-12,income_salary
cust_dirk57_tx00085,acc_dirk57_current,2025-12-28,-4253,EUR,Pizzeria Da Mario,Betaling Bancontact,eating_out
cust_dirk57_tx00086,acc_dirk57_current,2025-12-28,-120000,EUR,Dirk Michiels,Naar spaarrekening,transfer_internal
cust_dirk57_tx00087,acc_dirk57_savings,2025-12-28,120000,EUR,Dirk Michiels,Van zichtrekening,transfer_internal
cust_dirk57_tx00088,acc_dirk57_current,2025-12-31,-2265,EUR,HEMA,Betaling Bancontact,shopping_household
cust_dirk57_tx00089,acc_dirk57_current,2026-01-02,55000,EUR,E. Vermeulen,Bijdrage huishouden,income_transfer_household
cust_dirk57_tx00090,acc_dirk57_current,2026-01-03,-17421,EUR,Delhaize,Betaling Bancontact,groceries
cust_dirk57_tx00091,acc_dirk57_current,2026-01-04,-4487,EUR,Pizzeria Da Mario,Betaling Bancontact,eating_out
cust_dirk57_tx00092,acc_dirk57_current,2026-01-04,-4500,EUR,Sportclub,Lidgeld kind 2,kids_activities
cust_dirk57_tx00093,acc_dirk57_current,2026-01-04,-7500,EUR,Sportclub,Lidgeld kind 1,kids_activities
cust_dirk57_tx00094,acc_dirk57_current,2026-01-05,-129500,EUR,Synthetic Bank,Aflossing woonkrediet,housing_mortgage
cust_dirk57_tx00095,acc_dirk57_current,2026-01-06,-1399,EUR,Netflix,Netflix abonnement,subscription_streaming
cust_dirk57_tx00096,acc_dirk57_current,2026-01-07,-1933,EUR,Action,Betaling Bancontact,shopping_household
cust_dirk57_tx00097,acc_dirk57_current,2026-01-08,-5621,EUR,Q8,Brandstof,transport_fuel
cust_dirk57_tx00098,acc_dirk57_current,2026-01-08,-9210,EUR,Synthetic Verzekeringen,Familiale + auto verzekering,insurance
cust_dirk57_tx00099,acc_dirk57_current,2026-01-10,41237,EUR,FONS,Groeipakket 01/2026 kind 1+2,income_child_benefit
cust_dirk57_tx00100,acc_dirk57_current,2026-01-10,-12631,EUR,Delhaize,Betaling Bancontact,groceries
cust_dirk57_tx00101,acc_dirk57_current,2026-01-12,-16800,EUR,Engie,Voorschot energie,utilities_energy
cust_dirk57_tx00102,acc_dirk57_current,2026-01-14,-7450,EUR,IBO De Knikker,Naschoolse opvang kind 1 01/2026,childcare
cust_dirk57_tx00103,acc_dirk57_current,2026-01-15,-7499,EUR,Proximus,Internet + mobiel,utilities_telecom
cust_dirk57_tx00104,acc_dirk57_current,2026-01-16,-2724,EUR,Bol.com,Online aankoop,shopping_online
cust_dirk57_tx00105,acc_dirk57_current,2026-01-17,-11633,EUR,Colruyt,Betaling Bancontact,groceries
cust_dirk57_tx00106,acc_dirk57_current,2026-01-18,-10819,EUR,Zeeman,Betaling Bancontact,shopping_clothing
cust_dirk57_tx00107,acc_dirk57_current,2026-01-21,-3523,EUR,Kruidvat,Betaling Bancontact,shopping_household
cust_dirk57_tx00108,acc_dirk57_current,2026-01-22,-5424,EUR,TotalEnergies,Brandstof,transport_fuel
cust_dirk57_tx00109,acc_dirk57_current,2026-01-24,-11878,EUR,Aldi,Betaling Bancontact,groceries
cust_dirk57_tx00110,acc_dirk57_current,2026-01-25,-2750,EUR,Frituur 't Pleintje,Betaling Bancontact,eating_out
cust_dirk57_tx00111,acc_dirk57_current,2026-01-28,344500,EUR,Flanders Care vzw,Loon 2026-01,income_salary
cust_dirk57_tx00112,acc_dirk57_current,2026-01-28,-1622,EUR,Action,Betaling Bancontact,shopping_household
cust_dirk57_tx00113,acc_dirk57_current,2026-01-28,-160000,EUR,Dirk Michiels,Naar spaarrekening,transfer_internal
cust_dirk57_tx00114,acc_dirk57_savings,2026-01-28,160000,EUR,Dirk Michiels,Van zichtrekening,transfer_internal
cust_dirk57_tx00115,acc_dirk57_current,2026-01-31,-13423,EUR,Aldi,Betaling Bancontact,groceries
cust_dirk57_tx00116,acc_dirk57_current,2026-02-01,-4747,EUR,Frituur 't Pleintje,Betaling Bancontact,eating_out
cust_dirk57_tx00117,acc_dirk57_current,2026-02-02,55000,EUR,E. Vermeulen,Bijdrage huishouden,income_transfer_household
cust_dirk57_tx00118,acc_dirk57_current,2026-02-04,-4500,EUR,Sportclub,Lidgeld kind 1,kids_activities
cust_dirk57_tx00119,acc_dirk57_current,2026-02-04,-7500,EUR,Sportclub,Lidgeld kind 2,kids_activities
cust_dirk57_tx00120,acc_dirk57_current,2026-02-05,-6648,EUR,Q8,Brandstof,transport_fuel
cust_dirk57_tx00121,acc_dirk57_current,2026-02-05,-129500,EUR,Synthetic Bank,Aflossing woonkrediet,housing_mortgage
cust_dirk57_tx00122,acc_dirk57_current,2026-02-06,-1399,EUR,Netflix,Netflix abonnement,subscription_streaming
cust_dirk57_tx00123,acc_dirk57_current,2026-02-07,-15218,EUR,Delhaize,Betaling Bancontact,groceries
cust_dirk57_tx00124,acc_dirk57_current,2026-02-08,-3787,EUR,Pizzeria Da Mario,Betaling Bancontact,eating_out
cust_dirk57_tx00125,acc_dirk57_current,2026-02-08,-9210,EUR,Synthetic Verzekeringen,Familiale + auto verzekering,insurance
cust_dirk57_tx00126,acc_dirk57_current,2026-02-10,41237,EUR,FONS,Groeipakket 02/2026 kind 1+2,income_child_benefit
cust_dirk57_tx00127,acc_dirk57_current,2026-02-12,-17900,EUR,Engie,Voorschot energie,utilities_energy
cust_dirk57_tx00128,acc_dirk57_current,2026-02-14,-7450,EUR,IBO De Knikker,Naschoolse opvang kind 1 02/2026,childcare
cust_dirk57_tx00129,acc_dirk57_current,2026-02-14,-14624,EUR,Aldi,Betaling Bancontact,groceries
cust_dirk57_tx00130,acc_dirk57_current,2026-02-15,-2909,EUR,Frituur 't Pleintje,Betaling Bancontact,eating_out
cust_dirk57_tx00131,acc_dirk57_current,2026-02-15,-7499,EUR,Proximus,Internet + mobiel,utilities_telecom
cust_dirk57_tx00132,acc_dirk57_current,2026-02-18,-2231,EUR,Kruidvat,Betaling Bancontact,shopping_household
cust_dirk57_tx00133,acc_dirk57_current,2026-02-18,-11797,EUR,JBC,Betaling Bancontact,shopping_clothing
cust_dirk57_tx00134,acc_dirk57_current,2026-02-19,-4550,EUR,TotalEnergies,Brandstof,transport_fuel
cust_dirk57_tx00135,acc_dirk57_current,2026-02-21,-17318,EUR,Delhaize,Betaling Bancontact,groceries
cust_dirk57_tx00136,acc_dirk57_current,2026-02-25,-3455,EUR,Kruidvat,Betaling Bancontact,shopping_household
cust_dirk57_tx00137,acc_dirk57_current,2026-02-26,-5748,EUR,TotalEnergies,Brandstof,transport_fuel
cust_dirk57_tx00138,acc_dirk57_current,2026-02-28,344500,EUR,Flanders Care vzw,Loon 2026-02,income_salary
cust_dirk57_tx00139,acc_dirk57_current,2026-02-28,-17259,EUR,Colruyt,Betaling Bancontact,groceries
cust_dirk57_tx00140,acc_dirk57_current,2026-02-28,-135000,EUR,Dirk Michiels,Naar spaarrekening,transfer_internal
cust_dirk57_tx00141,acc_dirk57_savings,2026-02-28,135000,EUR,Dirk Michiels,Van zichtrekening,transfer_internal
cust_dirk57_tx00142,acc_dirk57_current,2026-03-02,55000,EUR,E. Vermeulen,Bijdrage huishouden,income_transfer_household
cust_dirk57_tx00143,acc_dirk57_current,2026-03-04,-7500,EUR,Sportclub,Lidgeld kind 1,kids_activities
cust_dirk57_tx00144,acc_dirk57_current,2026-03-04,-7500,EUR,Sportclub,Lidgeld kind 2,kids_activities
cust_dirk57_tx00145,acc_dirk57_current,2026-03-05,-5371,EUR,TotalEnergies,Brandstof,transport_fuel
cust_dirk57_tx00146,acc_dirk57_current,2026-03-05,-129500,EUR,Synthetic Bank,Aflossing woonkrediet,housing_mortgage
cust_dirk57_tx00147,acc_dirk57_current,2026-03-06,-1399,EUR,Netflix,Netflix abonnement,subscription_streaming
cust_dirk57_tx00148,acc_dirk57_current,2026-03-06,-3330,EUR,Coolblue,Online aankoop,shopping_online
cust_dirk57_tx00149,acc_dirk57_current,2026-03-07,-11701,EUR,Delhaize,Betaling Bancontact,groceries
cust_dirk57_tx00150,acc_dirk57_current,2026-03-08,-9210,EUR,Synthetic Verzekeringen,Familiale + auto verzekering,insurance
cust_dirk57_tx00151,acc_dirk57_current,2026-03-10,41237,EUR,FONS,Groeipakket 03/2026 kind 1+2,income_child_benefit
cust_dirk57_tx00152,acc_dirk57_current,2026-03-11,-3625,EUR,Action,Betaling Bancontact,shopping_household
cust_dirk57_tx00153,acc_dirk57_current,2026-03-12,-6232,EUR,Q8,Brandstof,transport_fuel
cust_dirk57_tx00154,acc_dirk57_current,2026-03-12,-17900,EUR,Engie,Voorschot energie,utilities_energy
cust_dirk57_tx00155,acc_dirk57_current,2026-03-13,-3727,EUR,Zalando,Online aankoop,shopping_online
cust_dirk57_tx00156,acc_dirk57_current,2026-03-14,-7450,EUR,IBO De Knikker,Naschoolse opvang kind 1 03/2026,childcare
cust_dirk57_tx00157,acc_dirk57_current,2026-03-14,-16929,EUR,Delhaize,Betaling Bancontact,groceries
cust_dirk57_tx00158,acc_dirk57_current,2026-03-15,-3590,EUR,Frituur 't Pleintje,Betaling Bancontact,eating_out
cust_dirk57_tx00159,acc_dirk57_current,2026-03-15,-7499,EUR,Proximus,Internet + mobiel,utilities_telecom
cust_dirk57_tx00160,acc_dirk57_current,2026-03-18,-3486,EUR,Kruidvat,Betaling Bancontact,shopping_household
cust_dirk57_tx00161,acc_dirk57_current,2026-03-18,-6678,EUR,JBC,Betaling Bancontact,shopping_clothing
cust_dirk57_tx00162,acc_dirk57_current,2026-03-19,-5603,EUR,Q8,Brandstof,transport_fuel
cust_dirk57_tx00163,acc_dirk57_current,2026-03-20,-6120,EUR,De Watergroep,Water voorschot,utilities_water
cust_dirk57_tx00164,acc_dirk57_current,2026-03-20,-6561,EUR,Bol.com,Online aankoop,shopping_online
cust_dirk57_tx00165,acc_dirk57_current,2026-03-21,-14034,EUR,Colruyt,Betaling Bancontact,groceries
cust_dirk57_tx00166,acc_dirk57_current,2026-03-25,-1208,EUR,Kruidvat,Betaling Bancontact,shopping_household
cust_dirk57_tx00167,acc_dirk57_current,2026-03-26,-4930,EUR,Q8,Brandstof,transport_fuel
cust_dirk57_tx00168,acc_dirk57_current,2026-03-27,-7411,EUR,Coolblue,Online aankoop,shopping_online
cust_dirk57_tx00169,acc_dirk57_current,2026-03-28,344500,EUR,Flanders Care vzw,Loon 2026-03,income_salary
cust_dirk57_tx00170,acc_dirk57_current,2026-03-28,-15481,EUR,Colruyt,Betaling Bancontact,groceries
cust_dirk57_tx00171,acc_dirk57_current,2026-03-28,-125000,EUR,Dirk Michiels,Naar spaarrekening,transfer_internal
cust_dirk57_tx00172,acc_dirk57_savings,2026-03-28,125000,EUR,Dirk Michiels,Van zichtrekening,transfer_internal
cust_dirk57_tx00173,acc_dirk57_current,2026-04-01,-3011,EUR,Kruidvat,Betaling Bancontact,shopping_household
cust_dirk57_tx00174,acc_dirk57_current,2026-04-02,55000,EUR,E. Vermeulen,Bijdrage huishouden,income_transfer_household
cust_dirk57_tx00175,acc_dirk57_current,2026-04-03,-6215,EUR,Bol.com,Online aankoop,shopping_online
cust_dirk57_tx00176,acc_dirk57_current,2026-04-04,-4500,EUR,Sportclub,Lidgeld kind 2,kids_activities
cust_dirk57_tx00177,acc_dirk57_current,2026-04-04,-7500,EUR,Sportclub,Lidgeld kind 1,kids_activities
cust_dirk57_tx00178,acc_dirk57_current,2026-04-04,-12414,EUR,Colruyt,Betaling Bancontact,groceries
cust_dirk57_tx00179,acc_dirk57_current,2026-04-05,-129500,EUR,Synthetic Bank,Aflossing woonkrediet,housing_mortgage
cust_dirk57_tx00180,acc_dirk57_current,2026-04-06,-1399,EUR,Netflix,Netflix abonnement,subscription_streaming
cust_dirk57_tx00181,acc_dirk57_current,2026-04-08,-3139,EUR,Action,Betaling Bancontact,shopping_household
cust_dirk57_tx00182,acc_dirk57_current,2026-04-08,-9210,EUR,Synthetic Verzekeringen,Familiale + auto verzekering,insurance
cust_dirk57_tx00183,acc_dirk57_current,2026-04-09,-5664,EUR,TotalEnergies,Brandstof,transport_fuel
cust_dirk57_tx00184,acc_dirk57_current,2026-04-10,41237,EUR,FONS,Groeipakket 04/2026 kind 1+2,income_child_benefit
cust_dirk57_tx00185,acc_dirk57_current,2026-04-11,-13992,EUR,Aldi,Betaling Bancontact,groceries
cust_dirk57_tx00186,acc_dirk57_current,2026-04-12,-15500,EUR,Engie,Voorschot energie,utilities_energy
cust_dirk57_tx00187,acc_dirk57_current,2026-04-14,-7450,EUR,IBO De Knikker,Naschoolse opvang kind 1 04/2026,childcare
cust_dirk57_tx00188,acc_dirk57_current,2026-04-15,-1908,EUR,Action,Betaling Bancontact,shopping_household
cust_dirk57_tx00189,acc_dirk57_current,2026-04-15,-7499,EUR,Proximus,Internet + mobiel,utilities_telecom
cust_dirk57_tx00190,acc_dirk57_current,2026-04-16,-6437,EUR,TotalEnergies,Brandstof,transport_fuel
cust_dirk57_tx00191,acc_dirk57_current,2026-04-17,-4452,EUR,Coolblue,Online aankoop,shopping_online
cust_dirk57_tx00192,acc_dirk57_current,2026-04-18,-13294,EUR,Zeeman,Betaling Bancontact,shopping_clothing
cust_dirk57_tx00193,acc_dirk57_current,2026-04-18,-16379,EUR,Aldi,Betaling Bancontact,groceries
cust_dirk57_tx00194,acc_dirk57_current,2026-04-19,-5200,EUR,Bakkerij Moens,Betaling Bancontact,eating_out
cust_dirk57_tx00195,acc_dirk57_current,2026-04-22,-4113,EUR,HEMA,Betaling Bancontact,shopping_household
cust_dirk57_tx00196,acc_dirk57_current,2026-04-24,-7642,EUR,Zalando,Online aankoop,shopping_online
cust_dirk57_tx00197,acc_dirk57_current,2026-04-25,-15071,EUR,Aldi,Betaling Bancontact,groceries
cust_dirk57_tx00198,acc_dirk57_current,2026-04-28,344500,EUR,Flanders Care vzw,Loon 2026-04,income_salary
cust_dirk57_tx00199,acc_dirk57_current,2026-04-28,-140000,EUR,Dirk Michiels,Naar spaarrekening,transfer_internal
cust_dirk57_tx00200,acc_dirk57_savings,2026-04-28,140000,EUR,Dirk Michiels,Van zichtrekening,transfer_internal
cust_dirk57_tx00201,acc_dirk57_current,2026-04-29,-2584,EUR,Kruidvat,Betaling Bancontact,shopping_household
cust_dirk57_tx00202,acc_dirk57_current,2026-04-30,-6000,EUR,TotalEnergies,Brandstof,transport_fuel
cust_dirk57_tx00203,acc_dirk57_current,2026-05-01,-6136,EUR,Bol.com,Online aankoop,shopping_online
cust_dirk57_tx00204,acc_dirk57_current,2026-05-02,55000,EUR,E. Vermeulen,Bijdrage huishouden,income_transfer_household
cust_dirk57_tx00205,acc_dirk57_current,2026-05-02,-11741,EUR,Colruyt,Betaling Bancontact,groceries
cust_dirk57_tx00206,acc_dirk57_current,2026-05-04,-4500,EUR,Sportclub,Lidgeld kind 2,kids_activities
cust_dirk57_tx00207,acc_dirk57_current,2026-05-04,-6400,EUR,Sportclub,Lidgeld kind 1,kids_activities
cust_dirk57_tx00208,acc_dirk57_current,2026-05-05,-129500,EUR,Synthetic Bank,Aflossing woonkrediet,housing_mortgage
cust_dirk57_tx00209,acc_dirk57_current,2026-05-06,-1399,EUR,Netflix,Netflix abonnement,subscription_streaming
cust_dirk57_tx00210,acc_dirk57_current,2026-05-08,-9210,EUR,Synthetic Verzekeringen,Familiale + auto verzekering,insurance
cust_dirk57_tx00211,acc_dirk57_current,2026-05-09,-13393,EUR,Delhaize,Betaling Bancontact,groceries
cust_dirk57_tx00212,acc_dirk57_current,2026-05-10,41237,EUR,FONS,Groeipakket 05/2026 kind 1+2,income_child_benefit
cust_dirk57_tx00213,acc_dirk57_current,2026-05-10,-2878,EUR,Bakkerij Moens,Betaling Bancontact,eating_out
cust_dirk57_tx00214,acc_dirk57_current,2026-05-12,-17900,EUR,Engie,Voorschot energie,utilities_energy
cust_dirk57_tx00215,acc_dirk57_current,2026-05-13,-3148,EUR,HEMA,Betaling Bancontact,shopping_household
cust_dirk57_tx00216,acc_dirk57_current,2026-05-14,-5361,EUR,TotalEnergies,Brandstof,transport_fuel
cust_dirk57_tx00217,acc_dirk57_current,2026-05-14,-7450,EUR,IBO De Knikker,Naschoolse opvang kind 1 05/2026,childcare
cust_dirk57_tx00218,acc_dirk57_current,2026-05-15,-3576,EUR,Bol.com,Online aankoop,shopping_online
cust_dirk57_tx00219,acc_dirk57_current,2026-05-15,-7499,EUR,Proximus,Internet + mobiel,utilities_telecom
cust_dirk57_tx00220,acc_dirk57_current,2026-05-16,-13334,EUR,Aldi,Betaling Bancontact,groceries
cust_dirk57_tx00221,acc_dirk57_current,2026-05-18,-13786,EUR,Zeeman,Betaling Bancontact,shopping_clothing
cust_dirk57_tx00222,acc_dirk57_current,2026-05-22,-5633,EUR,Coolblue,Online aankoop,shopping_online
cust_dirk57_tx00223,acc_dirk57_current,2026-05-23,-14295,EUR,Delhaize,Betaling Bancontact,groceries
cust_dirk57_tx00224,acc_dirk57_current,2026-05-28,344500,EUR,Flanders Care vzw,Loon 2026-05,income_salary
cust_dirk57_tx00225,acc_dirk57_current,2026-05-28,-155000,EUR,Dirk Michiels,Naar spaarrekening,transfer_internal
cust_dirk57_tx00226,acc_dirk57_savings,2026-05-28,155000,EUR,Dirk Michiels,Van zichtrekening,transfer_internal
cust_dirk57_tx00227,acc_dirk57_current,2026-05-29,-3537,EUR,Zalando,Online aankoop,shopping_online
cust_dirk57_tx00228,acc_dirk57_current,2026-05-30,-15411,EUR,Aldi,Betaling Bancontact,groceries
cust_dirk57_tx00229,acc_dirk57_current,2026-06-02,55000,EUR,E. Vermeulen,Bijdrage huishouden,income_transfer_household
cust_dirk57_tx00230,acc_dirk57_current,2026-06-03,-3585,EUR,Action,Betaling Bancontact,shopping_household
cust_dirk57_tx00231,acc_dirk57_current,2026-06-04,-6400,EUR,Sportclub,Lidgeld kind 2,kids_activities
cust_dirk57_tx00232,acc_dirk57_current,2026-06-04,-7500,EUR,Sportclub,Lidgeld kind 1,kids_activities
cust_dirk57_tx00233,acc_dirk57_current,2026-06-05,-129500,EUR,Synthetic Bank,Aflossing woonkrediet,housing_mortgage
cust_dirk57_tx00234,acc_dirk57_current,2026-06-06,-1399,EUR,Netflix,Netflix abonnement,subscription_streaming
cust_dirk57_tx00235,acc_dirk57_current,2026-06-06,-15651,EUR,Colruyt,Betaling Bancontact,groceries
cust_dirk57_tx00236,acc_dirk57_current,2026-06-07,-2356,EUR,Pizzeria Da Mario,Betaling Bancontact,eating_out
cust_dirk57_tx00237,acc_dirk57_current,2026-06-08,-9210,EUR,Synthetic Verzekeringen,Familiale + auto verzekering,insurance
cust_dirk57_tx00238,acc_dirk57_current,2026-06-10,41237,EUR,FONS,Groeipakket 06/2026 kind 1+2,income_child_benefit
cust_dirk57_tx00239,acc_dirk57_current,2026-06-10,-1747,EUR,Action,Betaling Bancontact,shopping_household
cust_dirk57_tx00240,acc_dirk57_current,2026-06-11,-5679,EUR,Q8,Brandstof,transport_fuel
cust_dirk57_tx00241,acc_dirk57_current,2026-06-12,-17900,EUR,Engie,Voorschot energie,utilities_energy
cust_dirk57_tx00242,acc_dirk57_current,2026-06-13,-15951,EUR,Delhaize,Betaling Bancontact,groceries
cust_dirk57_tx00243,acc_dirk57_current,2026-06-14,-2169,EUR,Frituur 't Pleintje,Betaling Bancontact,eating_out
cust_dirk57_tx00244,acc_dirk57_current,2026-06-14,-7450,EUR,IBO De Knikker,Naschoolse opvang kind 1 06/2026,childcare
cust_dirk57_tx00245,acc_dirk57_current,2026-06-15,-7499,EUR,Proximus,Internet + mobiel,utilities_telecom
cust_dirk57_tx00246,acc_dirk57_current,2026-06-17,-2173,EUR,HEMA,Betaling Bancontact,shopping_household
cust_dirk57_tx00247,acc_dirk57_current,2026-06-18,-8762,EUR,H&M,Betaling Bancontact,shopping_clothing
cust_dirk57_tx00248,acc_dirk57_current,2026-06-19,-5364,EUR,Coolblue,Online aankoop,shopping_online
cust_dirk57_tx00249,acc_dirk57_current,2026-06-20,-6120,EUR,De Watergroep,Water voorschot,utilities_water
cust_dirk57_tx00250,acc_dirk57_current,2026-06-20,-14908,EUR,Colruyt,Betaling Bancontact,groceries
cust_dirk57_tx00251,acc_dirk57_current,2026-06-21,-2336,EUR,Frituur 't Pleintje,Betaling Bancontact,eating_out
cust_dirk57_tx00252,acc_dirk57_current,2026-06-24,-4428,EUR,Action,Betaling Bancontact,shopping_household
cust_dirk57_tx00253,acc_dirk57_current,2026-06-25,-6133,EUR,Q8,Brandstof,transport_fuel
cust_dirk57_tx00254,acc_dirk57_current,2026-06-26,-6923,EUR,Zalando,Online aankoop,shopping_online
cust_dirk57_tx00255,acc_dirk57_current,2026-06-27,-11913,EUR,Delhaize,Betaling Bancontact,groceries
cust_dirk57_tx00256,acc_dirk57_current,2026-06-28,344500,EUR,Flanders Care vzw,Loon 2026-06,income_salary
cust_dirk57_tx00257,acc_dirk57_current,2026-06-28,-120000,EUR,Dirk Michiels,Naar spaarrekening,transfer_internal
cust_dirk57_tx00258,acc_dirk57_savings,2026-06-28,120000,EUR,Dirk Michiels,Van zichtrekening,transfer_internal
cust_dirk57_tx00259,acc_dirk57_current,2026-07-01,-1694,EUR,Kruidvat,Betaling Bancontact,shopping_household
cust_dirk57_tx00260,acc_dirk57_current,2026-07-02,55000,EUR,E. Vermeulen,Bijdrage huishouden,income_transfer_household
cust_dirk57_tx00261,acc_dirk57_current,2026-07-03,-6766,EUR,Bol.com,Online aankoop,shopping_online
cust_dirk57_tx00262,acc_dirk57_current,2026-07-04,-4500,EUR,Sportclub,Lidgeld kind 1,kids_activities
cust_dirk57_tx00263,acc_dirk57_current,2026-07-04,-6400,EUR,Sportclub,Lidgeld kind 2,kids_activities
cust_dirk57_tx00264,acc_dirk57_current,2026-07-04,-11743,EUR,Aldi,Betaling Bancontact,groceries
cust_dirk57_tx00265,acc_dirk57_current,2026-07-05,-129500,EUR,Synthetic Bank,Aflossing woonkrediet,housing_mortgage
cust_dirk57_tx00266,acc_dirk57_current,2026-07-06,-1399,EUR,Netflix,Netflix abonnement,subscription_streaming
cust_dirk57_tx00267,acc_dirk57_current,2026-07-08,-2773,EUR,Kruidvat,Betaling Bancontact,shopping_household
cust_dirk57_tx00268,acc_dirk57_current,2026-07-08,-9210,EUR,Synthetic Verzekeringen,Familiale + auto verzekering,insurance
cust_dirk57_tx00269,acc_dirk57_current,2026-07-09,-6744,EUR,Q8,Brandstof,transport_fuel
cust_dirk57_tx00270,acc_dirk57_current,2026-07-10,41237,EUR,FONS,Groeipakket 07/2026 kind 1+2,income_child_benefit
cust_dirk57_tx00271,acc_dirk57_current,2026-07-11,-12659,EUR,Aldi,Betaling Bancontact,groceries
cust_dirk57_tx00272,acc_dirk57_current,2026-07-11,-48200,EUR,Synthetic Vakantieparken,Vakantie,travel
cust_dirk57_tx00273,acc_dirk57_current,2026-07-12,-16800,EUR,Engie,Voorschot energie,utilities_energy
cust_dirk57_tx00274,acc_dirk57_current,2026-07-14,-7450,EUR,IBO De Knikker,Naschoolse opvang kind 1 07/2026,childcare
cust_dirk57_tx00275,acc_dirk57_current,2026-07-15,-7499,EUR,Proximus,Internet + mobiel,utilities_telecom
cust_dirk57_tx00276,acc_dirk57_current,2026-07-17,-3308,EUR,Coolblue,Online aankoop,shopping_online
cust_dirk57_tx00277,acc_dirk57_current,2026-07-18,-12851,EUR,Zeeman,Betaling Bancontact,shopping_clothing
cust_dirk57_tx00278,acc_dirk57_current,2026-07-18,-17236,EUR,Colruyt,Betaling Bancontact,groceries
cust_dirk57_tx00279,acc_dirk57_current,2026-07-22,-3961,EUR,Kruidvat,Betaling Bancontact,shopping_household
cust_dirk57_tx00280,acc_dirk57_current,2026-07-23,-5764,EUR,TotalEnergies,Brandstof,transport_fuel
cust_dirk57_tx00281,acc_dirk57_current,2026-07-25,-16080,EUR,Colruyt,Betaling Bancontact,groceries
cust_dirk57_tx00282,acc_dirk57_current,2026-07-26,-2317,EUR,Bakkerij Moens,Betaling Bancontact,eating_out
cust_dirk57_tx00283,acc_dirk57_current,2026-07-28,344500,EUR,Flanders Care vzw,Loon 2026-07,income_salary
cust_dirk57_tx00284,acc_dirk57_current,2026-07-28,-105000,EUR,Dirk Michiels,Naar spaarrekening,transfer_internal
cust_dirk57_tx00285,acc_dirk57_savings,2026-07-28,105000,EUR,Dirk Michiels,Van zichtrekening,transfer_internal
cust_dirk57_tx00286,acc_dirk57_current,2026-07-29,-3632,EUR,Action,Betaling Bancontact,shopping_household
cust_dirk57_tx00287,acc_dirk57_current,2026-07-31,-3865,EUR,Bol.com,Online aankoop,shopping_online
cust_dirk57_tx00288,acc_dirk57_current,2026-08-01,-14513,EUR,Delhaize,Betaling Bancontact,groceries
cust_dirk57_tx00289,acc_dirk57_current,2026-08-02,55000,EUR,E. Vermeulen,Bijdrage huishouden,income_transfer_household
cust_dirk57_tx00290,acc_dirk57_current,2026-08-04,-4500,EUR,Sportclub,Lidgeld kind 1,kids_activities
cust_dirk57_tx00291,acc_dirk57_current,2026-08-04,-4500,EUR,Sportclub,Lidgeld kind 2,kids_activities
cust_dirk57_tx00292,acc_dirk57_current,2026-08-05,-1321,EUR,Kruidvat,Betaling Bancontact,shopping_household
cust_dirk57_tx00293,acc_dirk57_current,2026-08-05,-129500,EUR,Synthetic Bank,Aflossing woonkrediet,housing_mortgage
cust_dirk57_tx00294,acc_dirk57_current,2026-08-06,-1399,EUR,Netflix,Netflix abonnement,subscription_streaming
cust_dirk57_tx00295,acc_dirk57_current,2026-08-06,-5380,EUR,TotalEnergies,Brandstof,transport_fuel
cust_dirk57_tx00296,acc_dirk57_current,2026-08-07,-7042,EUR,Coolblue,Online aankoop,shopping_online
cust_dirk57_tx00297,acc_dirk57_current,2026-08-08,-9210,EUR,Synthetic Verzekeringen,Familiale + auto verzekering,insurance
cust_dirk57_tx00298,acc_dirk57_current,2026-08-08,-16703,EUR,Colruyt,Betaling Bancontact,groceries
cust_dirk57_tx00299,acc_dirk57_current,2026-08-09,-4257,EUR,Frituur 't Pleintje,Betaling Bancontact,eating_out
cust_dirk57_tx00300,acc_dirk57_current,2026-08-10,41237,EUR,FONS,Groeipakket 08/2026 kind 1+2,income_child_benefit
cust_dirk57_tx00301,acc_dirk57_current,2026-08-12,-15500,EUR,Engie,Voorschot energie,utilities_energy
cust_dirk57_tx00302,acc_dirk57_current,2026-08-13,-5076,EUR,TotalEnergies,Brandstof,transport_fuel
cust_dirk57_tx00303,acc_dirk57_current,2026-08-14,-2827,EUR,Zalando,Online aankoop,shopping_online
cust_dirk57_tx00304,acc_dirk57_current,2026-08-14,-7450,EUR,IBO De Knikker,Naschoolse opvang kind 1 08/2026,childcare
cust_dirk57_tx00305,acc_dirk57_current,2026-08-15,-7499,EUR,Proximus,Internet + mobiel,utilities_telecom
cust_dirk57_tx00306,acc_dirk57_current,2026-08-15,-15788,EUR,Aldi,Betaling Bancontact,groceries
cust_dirk57_tx00307,acc_dirk57_current,2026-08-18,-6587,EUR,Zeeman,Betaling Bancontact,shopping_clothing
cust_dirk57_tx00308,acc_dirk57_current,2026-08-20,-4871,EUR,Q8,Brandstof,transport_fuel
cust_dirk57_tx00309,acc_dirk57_current,2026-08-21,-6953,EUR,Bol.com,Online aankoop,shopping_online
cust_dirk57_tx00310,acc_dirk57_current,2026-08-22,-13904,EUR,Delhaize,Betaling Bancontact,groceries
cust_dirk57_tx00311,acc_dirk57_current,2026-08-26,-3274,EUR,Action,Betaling Bancontact,shopping_household
cust_dirk57_tx00312,acc_dirk57_current,2026-08-28,344500,EUR,Flanders Care vzw,Loon 2026-08,income_salary
cust_dirk57_tx00313,acc_dirk57_current,2026-08-28,-4605,EUR,Bol.com,Online aankoop,shopping_online
cust_dirk57_tx00314,acc_dirk57_current,2026-08-28,-140000,EUR,Dirk Michiels,Naar spaarrekening,transfer_internal
cust_dirk57_tx00315,acc_dirk57_savings,2026-08-28,140000,EUR,Dirk Michiels,Van zichtrekening,transfer_internal
cust_dirk57_tx00316,acc_dirk57_current,2026-08-29,-16476,EUR,Aldi,Betaling Bancontact,groceries
cust_dirk57_tx00317,acc_dirk57_current,2026-09-02,55000,EUR,E. Vermeulen,Bijdrage huishouden,income_transfer_household
cust_dirk57_tx00318,acc_dirk57_current,2026-09-02,-2324,EUR,Kruidvat,Betaling Bancontact,shopping_household
cust_dirk57_tx00319,acc_dirk57_current,2026-09-03,-11356,EUR,Basisschool Sint-Jozef,Schoolrekening kind 1,education
cust_dirk57_tx00320,acc_dirk57_current,2026-09-04,-4500,EUR,Sportclub,Lidgeld kind 1,kids_activities
cust_dirk57_tx00321,acc_dirk57_current,2026-09-04,-4500,EUR,Sportclub,Lidgeld kind 2,kids_activities
cust_dirk57_tx00322,acc_dirk57_current,2026-09-04,-6764,EUR,Basisschool Sint-Jozef,Schoolrekening kind 2,education
cust_dirk57_tx00323,acc_dirk57_current,2026-09-05,-11607,EUR,Colruyt,Betaling Bancontact,groceries
cust_dirk57_tx00324,acc_dirk57_current,2026-09-05,-129500,EUR,Synthetic Bank,Aflossing woonkrediet,housing_mortgage
cust_dirk57_tx00325,acc_dirk57_current,2026-09-06,-1399,EUR,Netflix,Netflix abonnement,subscription_streaming
cust_dirk57_tx00326,acc_dirk57_current,2026-09-08,-9210,EUR,Synthetic Verzekeringen,Familiale + auto verzekering,insurance
cust_dirk57_tx00327,acc_dirk57_current,2026-09-10,41237,EUR,FONS,Groeipakket 09/2026 kind 1+2,income_child_benefit
cust_dirk57_tx00328,acc_dirk57_current,2026-09-10,-5363,EUR,Q8,Brandstof,transport_fuel
cust_dirk57_tx00329,acc_dirk57_current,2026-09-11,-7271,EUR,Coolblue,Online aankoop,shopping_online
cust_dirk57_tx00330,acc_dirk57_current,2026-09-12,-12651,EUR,Delhaize,Betaling Bancontact,groceries
cust_dirk57_tx00331,acc_dirk57_current,2026-09-12,-17900,EUR,Engie,Voorschot energie,utilities_energy
cust_dirk57_tx00332,acc_dirk57_current,2026-09-13,-4708,EUR,Bakkerij Moens,Betaling Bancontact,eating_out
cust_dirk57_tx00333,acc_dirk57_current,2026-09-14,-7450,EUR,IBO De Knikker,Naschoolse opvang kind 1 09/2026,childcare
cust_dirk57_tx00334,acc_dirk57_current,2026-09-15,-7499,EUR,Proximus,Internet + mobiel,utilities_telecom
cust_dirk57_tx00335,acc_dirk57_current,2026-09-18,-5643,EUR,Bol.com,Online aankoop,shopping_online
cust_dirk57_tx00336,acc_dirk57_current,2026-09-18,-12621,EUR,Zeeman,Betaling Bancontact,shopping_clothing
cust_dirk57_tx00337,acc_dirk57_current,2026-09-19,-12608,EUR,Delhaize,Betaling Bancontact,groceries
cust_dirk57_tx00338,acc_dirk57_current,2026-09-20,-5119,EUR,Pizzeria Da Mario,Betaling Bancontact,eating_out
cust_dirk57_tx00339,acc_dirk57_current,2026-09-20,-6120,EUR,De Watergroep,Water voorschot,utilities_water
cust_dirk57_tx00340,acc_dirk57_current,2026-09-23,-2076,EUR,Kruidvat,Betaling Bancontact,shopping_household
cust_dirk57_tx00341,acc_dirk57_current,2026-09-24,-6815,EUR,Q8,Brandstof,transport_fuel
cust_dirk57_tx00342,acc_dirk57_current,2026-09-26,-12531,EUR,Aldi,Betaling Bancontact,groceries
cust_dirk57_tx00343,acc_dirk57_current,2026-09-28,344500,EUR,Flanders Care vzw,Loon 2026-09,income_salary
cust_dirk57_tx00344,acc_dirk57_current,2026-09-28,-115000,EUR,Dirk Michiels,Naar spaarrekening,transfer_internal
cust_dirk57_tx00345,acc_dirk57_savings,2026-09-28,115000,EUR,Dirk Michiels,Van zichtrekening,transfer_internal
